5.txt 0.000117 e 0.002730 0.860790 -0.508954 -0.999971 -0.001249 -0.007475 -0.007070 0.508959 0.860761 -0.157621 0.400096 -0.091489 
1.txt 0.000050 e 1.000000 0.000000 0.000000 0.000000 1.000000 0.000000 0.000000 0.000000 1.000000 0.000000 0.000000 0.000000 
2.txt 0.000133 e 0.999975 -0.003699 0.006037 0.006212 0.867345 -0.497669 -0.003396 0.497694 0.867346 -0.158045 -0.159698 -0.091442 
3.txt 0.000133 e -0.999983 0.004945 0.003185 -0.002603 -0.857690 0.514161 0.005274 0.514143 0.857688 0.477184 0.397671 -0.096405 
4.txt 0.000117 e -0.001122 -0.869953 0.493133 0.999920 -0.007180 -0.010392 0.012582 0.493082 0.869892 0.478749 -0.156600 -0.093435 