flytest_marker_8.txt 4.1667e-4 e -0.999943 0.001353 0.010632 -0.001462 -0.999946 -0.010273 0.010618 -0.010288 0.999891 10.058292 -5.401663 -0.089372
flytest_marker_4.txt 4.1667e-4 e 0.007951 0.999968 0.001322 -0.999961 0.007956 -0.003768 -0.003779 -0.001292 0.999992 7.789036 -0.054950 -0.020581
flytest_marker_3.txt 4.1667e-4 e 0.009518 0.999950 0.003184 -0.999947 0.009531 -0.004015 -0.004045 -0.003146 0.999987 5.481043 -0.071626 -0.014829
flytest_marker_1.txt 4.1667e-4 e 0.007709 0.999965 0.003242 -0.999896 0.007748 -0.012155 -0.012179 -0.003148 0.999921 0.852321 -0.102790 -0.019376
flytest_marker_7.txt 4.1667e-4 e -0.999959 0.009084 -0.000014 -0.009082 -0.999831 -0.016014 -0.000159 -0.016013 0.999872 5.097839 -5.423658 -0.077010
flytest_marker_2.txt 4.1667e-4 e 0.006916 0.999960 0.005716 -0.999952 0.006955 -0.006884 -0.006924 -0.005668 0.999960 3.179756 -0.086102 -0.004188
flytest_marker_6.txt 4.1667e-4 e 0.999858 -0.011038 0.012701 0.010899 0.999880 0.010994 -0.012821 -0.010854 0.999859 4.985066 0.009010 -0.008856
flytest_marker_5.txt 4.1667e-4 e 1.000000 0.000000 0.000000 0.000000 1.000000 0.000000 0.000000 0.000000 1.000000 0.000000 0.000000 0.000000
